ArrayAmount,Time(microseconds)
mergeSort
500,184
600,220
700,257
800,303
900,341
1000,392
1100,411
1200,452
1300,489
1400,534
1500,598
1600,631
1700,671
1800,702
1900,796
2000,787
2100,927
2200,839
2300,905
2400,923
2500,961
2600,1002
2700,1049
2800,1083
2900,1128
3000,1164
3100,1201
3200,1247
3300,1289
3400,1338
3500,1375
3600,1408
3700,1467
3800,1485
3900,1534
4000,1568
4100,1636
4200,1670
4300,1729
4400,1798
4500,1768
4600,1809
4700,1857
4800,1902
4900,1937
5000,1971
5100,2007
5200,2059
5300,2109
5400,2158
5500,2195
5600,2233
5700,2292
5800,2325
5900,2368
6000,2463
6100,2432
6200,2491
6300,2530
6400,2633
6500,2666
6600,2662
6700,2715
6800,2753
6900,2806
7000,2849
7100,2934
7200,2955
7300,3034
7400,3028
7500,3042
7600,3084
7700,3121
7800,3174
7900,3203
8000,3257
8100,3277
8200,3322
8300,3415
8400,3407
8500,3460
8600,3491
8700,3536
8800,3594
8900,3642
9000,3675
9100,3718
9200,3744
9300,3795
9400,3839
9500,3889
9600,3867
9700,3976
9800,4020
9900,4064
10000,4107
mergeSort + insertionSort
500,185
600,263
700,356
800,254
900,321
1000,384
1100,458
1200,540
1300,633
1400,724
1500,828
1600,526
1700,589
1800,652
1900,721
2000,791
2100,868
2200,958
2300,1026
2400,1112
2500,1198
2600,1292
2700,1385
2800,1486
2900,1582
3000,1690
3100,1036
3200,1094
3300,1151
3400,1220
3500,1283
3600,1347
3700,1416
3800,1483
3900,1556
4000,1631
4100,1714
4200,1753
4300,1833
4400,1929
4500,2012
4600,2112
4700,2185
4800,2306
4900,2429
5000,2482
5100,2544
5200,2642
5300,2739
5400,2843
5500,2943
5600,3047
5700,3136
5800,3230
5900,3338
6000,3438
6100,3545
6200,2126
6300,2423
6400,2247
6500,2307
6600,2372
6700,2437
6800,2522
6900,2571
7000,2683
7100,2739
7200,3095
7300,4083
7400,3497
7500,2986
7600,3050
7700,3125
7800,3199
7900,3309
8000,3364
8100,3427
8200,3523
8300,3599
8400,3672
8500,3747
8600,3840
8700,3904
8800,4065
8900,4046
9000,4128
9100,4262
9200,4315
9300,4544
9400,4502
9500,4573
9600,4656
9700,4767
9800,4848
9900,4922
10000,5022

