ArrayAmount,Time(microseconds)
mergeSort
500,211
600,256
700,295
800,344
900,389
1000,442
1100,479
1200,518
1300,573
1400,609
1500,658
1600,707
1700,756
1800,910
1900,855
2000,889
2100,943
2200,987
2300,1349
2400,1085
2500,1268
2600,1267
2700,1328
2800,1277
2900,1334
3000,1772
3100,1418
3200,1528
3300,1557
3400,1597
3500,1634
3600,1664
3700,1777
3800,1751
3900,1796
4000,1863
4100,1882
4200,1945
4300,1991
4400,2045
4500,2173
4600,2136
4700,2201
4800,2251
4900,2293
5000,3007
5100,2384
5200,2439
5300,2562
5400,2564
5500,2613
5600,3587
5700,2701
5800,2750
5900,2793
6000,2845
6100,2884
6200,2935
6300,2990
6400,3079
6500,3124
6600,3147
6700,3392
6800,3273
6900,3320
7000,3383
7100,3404
7200,3450
7300,3509
7400,3551
7500,3604
7600,3642
7700,3790
7800,3730
7900,4082
8000,4135
8100,4017
8200,3960
8300,3978
8400,4144
8500,4130
8600,4114
8700,4183
8800,4554
8900,4276
9000,4322
9100,4369
9200,4412
9300,4478
9400,4529
9500,4599
9600,4646
9700,4684
9800,4738
9900,4786
10000,4835
mergeSort + insertionSort
500,71
600,97
700,113
800,131
900,147
1000,163
1100,203
1200,219
1300,237
1400,255
1500,277
1600,292
1700,311
1800,330
1900,347
2000,367
2100,406
2200,450
2300,466
2400,488
2500,510
2600,530
2700,550
2800,564
2900,591
3000,610
3100,626
3200,648
3300,667
3400,689
3500,712
3600,732
3700,752
3800,771
3900,792
4000,815
4100,833
4200,900
4300,946
4400,987
4500,1009
4600,1020
4700,1051
4800,1072
4900,1093
5000,1115
5100,1134
5200,1158
5300,1180
5400,1201
5500,1277
5600,1240
5700,1262
5800,1286
5900,1307
6000,1330
6100,1364
6200,1372
6300,1393
6400,1414
6500,1439
6600,1458
6700,1479
6800,1520
6900,1526
7000,1555
7100,1572
7200,1596
7300,1617
7400,1639
7500,1665
7600,1684
7700,1706
7800,1723
7900,1752
8000,1774
8100,1795
8200,1816
8300,1882
8400,1943
8500,1996
8600,2049
8700,2112
8800,2136
8900,2161
9000,2181
9100,2216
9200,2214
9300,2244
9400,2275
9500,2299
9600,2322
9700,2338
9800,2367
9900,2392
10000,2414
