ArrayAmount,Time(microseconds)
mergeSort
500,185
600,221
700,259
800,300
900,337
1000,368
1100,409
1200,450
1300,484
1400,523
1500,565
1600,605
1700,649
1800,680
1900,800
2000,810
2100,798
2200,836
2300,879
2400,918
2500,992
2600,1000
2700,1480
2800,1087
2900,1141
3000,1166
3100,1201
3200,1241
3300,1287
3400,1334
3500,1369
3600,1401
3700,1470
3800,1490
3900,1536
4000,1570
4100,1894
4200,1640
4300,1681
4400,1725
4500,1765
4600,1800
4700,1857
4800,1891
4900,2150
5000,1966
5100,2004
5200,2051
5300,2104
5400,2152
5500,2195
5600,2236
5700,2279
5800,2321
5900,2352
6000,2421
6100,2422
6200,2474
6300,2547
6400,2540
6500,2589
6600,2619
6700,2733
6800,2774
6900,2805
7000,2830
7100,2866
7200,2907
7300,2943
7400,2984
7500,3047
7600,3070
7700,3104
7800,3154
7900,3199
8000,3239
8100,3276
8200,3303
8300,3364
8400,3404
8500,3447
8600,3528
8700,3522
8800,3576
8900,3620
9000,3666
9100,3725
9200,3688
9300,3751
9400,3809
9500,3873
9600,3910
9700,3956
9800,4003
9900,4046
10000,4087
mergeSort + insertionSort
500,64
600,79
700,91
800,107
900,123
1000,139
1100,157
1200,171
1300,185
1400,199
1500,216
1600,233
1700,250
1800,267
1900,283
2000,301
2100,322
2200,342
2300,351
2400,369
2500,387
2600,405
2700,437
2800,433
2900,453
3000,469
3100,484
3200,503
3300,521
3400,539
3500,562
3600,579
3700,594
3800,613
3900,630
4000,651
4100,681
4200,695
4300,716
4400,733
4500,752
4600,759
4700,781
4800,798
4900,819
5000,836
5100,847
5200,867
5300,885
5400,905
5500,919
5600,934
5700,952
5800,1363
5900,1246
6000,1243
6100,1513
6200,1534
6300,1563
6400,1104
6500,1099
6600,1116
6700,1134
6800,1153
6900,1175
7000,1198
7100,1216
7200,1234
7300,1252
7400,1281
7500,1293
7600,1309
7700,1325
7800,1343
7900,1370
8000,1387
8100,1414
8200,1428
8300,1470
8400,1487
8500,1511
8600,1552
8700,1544
8800,1568
8900,1587
9000,1603
9100,1617
9200,1623
9300,1647
9400,1670
9500,1697
9600,1710
9700,1718
9800,1743
9900,1761
10000,1776

