ArrayAmount,Time(microseconds)
mergeSort
500,189
600,226
700,264
800,326
900,479
1000,678
1100,534
1200,564
1300,493
1400,532
1500,571
1600,617
1700,667
1800,694
1900,1163
2000,781
2100,831
2200,870
2300,1354
2400,1476
2500,1104
2600,1100
2700,1055
2800,1097
2900,1140
3000,1165
3100,1200
3200,1248
3300,1308
3400,1338
3500,1374
3600,1403
3700,1447
3800,1485
3900,1519
4000,1557
4100,1647
4200,1681
4300,1679
4400,1727
4500,1764
4600,1798
4700,1849
4800,1919
4900,1935
5000,1969
5100,1999
5200,2059
5300,2098
5400,2147
5500,2226
5600,2229
5700,2281
5800,2320
5900,2372
6000,2390
6100,2418
6200,2463
6300,2514
6400,2570
6500,2609
6600,2654
6700,2720
6800,2755
6900,2826
7000,2845
7100,2894
7200,2913
7300,2951
7400,2983
7500,2997
7600,3118
7700,3080
7800,3137
7900,3183
8000,3218
8100,3253
8200,3282
8300,3444
8400,3371
8500,3408
8600,3449
8700,3485
8800,3537
8900,3579
9000,3620
9100,3695
9200,3696
9300,3744
9400,3815
9500,3841
9600,3882
9700,3946
9800,3975
9900,4024
10000,4231
mergeSort + insertionSort
500,51
600,49
700,65
800,48
900,55
1000,66
1100,63
1200,68
1300,79
1400,83
1500,92
1600,102
1700,109
1800,117
1900,123
2000,131
2100,149
2200,137
2300,150
2400,158
2500,162
2600,166
2700,172
2800,175
2900,194
3000,203
3100,194
3200,202
3300,248
3400,255
3500,254
3600,263
3700,282
3800,273
3900,280
4000,290
4100,306
4200,305
4300,313
4400,323
4500,323
4600,330
4700,352
4800,354
4900,363
5000,371
5100,374
5200,386
5300,386
5400,395
5500,414
5600,415
5700,426
5800,426
5900,437
6000,445
6100,447
6200,452
6300,459
6400,471
6500,555
6600,563
6700,566
6800,575
6900,585
7000,593
7100,601
7200,607
7300,614
7400,620
7500,629
7600,633
7700,640
7800,649
7900,656
8000,668
8100,671
8200,677
8300,684
8400,692
8500,703
8600,707
8700,717
8800,724
8900,730
9000,734
9100,749
9200,753
9300,760
9400,789
9500,777
9600,790
9700,794
9800,797
9900,934
10000,1166
