ArrayAmount,Time(microseconds)
mergeSort
500,208
600,252
700,293
800,344
900,388
1000,424
1100,474
1200,524
1300,562
1400,605
1500,655
1600,703
1700,754
1800,931
1900,937
2000,961
2100,1024
2200,987
2300,1023
2400,1073
2500,1124
2600,1171
2700,1228
2800,1266
2900,1315
3000,1362
3100,1424
3200,1457
3300,1517
3400,1584
3500,1604
3600,1642
3700,1690
3800,1740
3900,1886
4000,1830
4100,1872
4200,1939
4300,1986
4400,2035
4500,2082
4600,2129
4700,2186
4800,2230
4900,2248
5000,2346
5100,2427
5200,2428
5300,2491
5400,2546
5500,2603
5600,2633
5700,2696
5800,2739
5900,2800
6000,2828
6100,2869
6200,2914
6300,2977
6400,3035
6500,3086
6600,3135
6700,3194
6800,3256
6900,3298
7000,3343
7100,3389
7200,3431
7300,3482
7400,3531
7500,3585
7600,3636
7700,3799
7800,3744
7900,3795
8000,3826
8100,3868
8200,3904
8300,3973
8400,4021
8500,4086
8600,4150
8700,4169
8800,4224
8900,4278
9000,4325
9100,4371
9200,4456
9300,4453
9400,4502
9500,4552
9600,4651
9700,4708
9800,4769
9900,4801
10000,4860
mergeSort + insertionSort
500,197
600,268
700,346
800,256
900,327
1000,381
1100,465
1200,557
1300,626
1400,739
1500,497
1600,546
1700,609
1800,682
1900,768
2000,823
2100,1160
2200,985
2300,1079
2400,1136
2500,1236
2600,1308
2700,1420
2800,1530
2900,979
3000,1047
3100,1103
3200,1157
3300,1222
3400,1266
3500,1375
3600,1439
3700,1506
3800,1550
3900,1639
4000,1710
4100,1779
4200,1862
4300,1941
4400,1969
4500,2079
4600,2176
4700,2217
4800,2315
4900,2400
5000,2523
5100,2646
5200,2714
5300,2782
5400,2899
5500,3002
5600,3110
5700,2012
5800,2045
5900,2108
6000,2191
6100,2223
6200,2282
6300,2359
6400,2449
6500,2481
6600,2552
6700,2644
6800,2685
6900,2775
7000,2879
7100,2893
7200,2982
7300,3043
7400,3125
7500,3200
7600,3280
7700,3309
7800,3448
7900,3502
8000,3551
8100,3643
8200,3733
8300,3766
8400,3920
8500,3949
8600,4066
8700,4165
8800,4191
8900,4257
9000,4409
9100,4437
9200,4547
9300,4624
9400,4755
9500,4892
9600,4911
9700,5027
9800,5079
9900,5195
10000,5319
