ArrayAmount,Time(microseconds)
mergeSort
500,210
600,253
700,295
800,345
900,387
1000,427
1100,475
1200,522
1300,566
1400,607
1500,657
1600,774
1700,780
1800,791
1900,849
2000,885
2100,1088
2200,984
2300,1033
2400,1084
2500,1126
2600,1174
2700,1227
2800,1267
2900,1322
3000,1370
3100,1415
3200,1464
3300,1521
3400,1569
3500,1613
3600,1653
3700,1704
3800,1823
3900,1849
4000,1897
4100,1991
4200,2013
4300,1997
4400,2047
4500,2111
4600,2136
4700,2192
4800,2246
4900,2359
5000,2342
5100,2380
5200,2444
5300,2501
5400,2553
5500,2604
5600,2647
5700,2697
5800,2752
5900,2789
6000,2840
6100,2872
6200,2930
6300,2989
6400,3089
6500,3122
6600,3144
6700,3200
6800,3250
6900,3302
7000,3415
7100,3387
7200,3434
7300,3487
7400,3535
7500,3600
7600,3642
7700,3675
7800,3728
7900,3775
8000,3834
8100,3887
8200,3931
8300,3975
8400,4032
8500,4081
8600,4126
8700,4168
8800,4225
8900,4278
9000,4420
9100,4386
9200,4419
9300,4487
9400,4554
9500,4662
9600,4721
9700,4711
9800,4749
9900,4816
10000,4868
mergeSort + insertionSort
500,180
600,266
700,362
800,456
900,569
1000,387
1100,473
1200,555
1300,644
1400,720
1500,857
1600,960
1700,1044
1800,1175
1900,744
2000,809
2100,895
2200,962
2300,1067
2400,1150
2500,1234
2600,1319
2700,1413
2800,1529
2900,1595
3000,1728
3100,1837
3200,1916
3300,2043
3400,2177
3500,2297
3600,2431
3700,1500
3800,1552
3900,1654
4000,1721
4100,1795
4200,1875
4300,1913
4400,2017
4500,2092
4600,2213
4700,2274
4800,2345
4900,2512
5000,2558
5100,2663
5200,2732
5300,2881
5400,2939
5500,3136
5600,3157
5700,3287
5800,3469
5900,3491
6000,3540
6100,3685
6200,3785
6300,4298
6400,4038
6500,4212
6600,4400
6700,4333
6800,4558
6900,4640
7000,4787
7100,4895
7200,5030
7300,3042
7400,3106
7500,3204
7600,3295
7700,3327
7800,3429
7900,3526
8000,3541
8100,3678
8200,3728
8300,3808
8400,3906
8500,4010
8600,4073
8700,4144
8800,4285
8900,4335
9000,4415
9100,4462
9200,4597
9300,4671
9400,4776
9500,4855
9600,4867
9700,5039
9800,5124
9900,5215
10000,5380
